Синицына Арина Анатольевна
2300
5
4 3 4 5 3 4 4 5
Сорокин Василий Иванович
2300
7
4 5 5 4 5 5 4 4
Иванов Андрей Владиславович
2300
1
5 4 3 5 4 5 3 4
Степанов Максим Демидович
2300
8
4 4 3 4 4 3 4 3
Плотникова Ева Данииловна
2300
4
3 5 5 5 5 3 5 3
Кузнецова София Алиевна
2300
2
5 3 5 3 5 5 3 3
Петровский Илья Павлович
2300
3
3 3 4 3 5 4 4 4
Троицкий Лев Демидович
2300
9
5 3 3 5 4 3 3 4
Смирнова Анна Марковна
2300
6
4 4 3 3 4 4 5 5
Черкасов Марк Тимофеевич
2300
10
5 4 4 5 5 5 5 5
Рябов Илья Робертович
2301
7
3 3 3 4 5 5 3 3
Волков Даниил Глебович
2301
2
3 3 3 3 4 3 4 5
Овсянников Тимофей Иванович
2301
6
3 5 4 4 4 4 4 5
Сидоров Александр Филиппович
2301
8
5 4 3 5 3 3 3 5
Кузнецова Милана Тимофеевна
2301
5
5 5 4 3 3 4 4 4
Шульгина Мария Егоровна
2301
10
4 3 4 5 4 3 5 3
Смирнов Иван Олегович
2301
9
3 3 3 4 4 4 4 4
Белов Марк Александрович
2301
1
4 3 4 4 5 5 4 4
Колесова Екатерина Тимофеевна
2301
4
3 5 5 5 4 3 3 4
Гурова Алиса Кирилловна
2301
3
5 5 5 5 5 5 5 5
